start=3175.919207
pause=yes
sub-delay=0.200000
