start=1620.233333
speed=1.464100
volume=98.000000
panscan=0.000000
aid=1
sid=no
sub-delay=0.000000
sub-visibility=no
sub-ass-override=no
