start=3551.711175
volume=56.000000
fullscreen=yes
