start=3412.752730
volume=80.000000
