start=4050.166667
speed=1.210000
pause=yes
volume=88.000000
aid=1
sid=no
